predicted
tensor([[0.0761, 0.0591, 0.0474, 0.8174],
        [0.0834, 0.0570, 0.0547, 0.8049],
        [0.0833, 0.0586, 0.0426, 0.8155],
        [0.0185, 0.0130, 0.0073, 0.9612],
        [0.0305, 0.0199, 0.0084, 0.9412],
        [0.0495, 0.0304, 0.0151, 0.9050],
        [0.0741, 0.0421, 0.0246, 0.8592],
        [0.0102, 0.0067, 0.0038, 0.9793],
        [0.0093, 0.0069, 0.0035, 0.9803],
        [0.0566, 0.0351, 0.0158, 0.8925],
        [0.0457, 0.0329, 0.0112, 0.9102],
        [0.0161, 0.0115, 0.0046, 0.9679],
        [0.0475, 0.0327, 0.0159, 0.9039],
        [0.0126, 0.0114, 0.0051, 0.9709],
        [0.0235, 0.0179, 0.0121, 0.9465],
        [0.0107, 0.0120, 0.0063, 0.9710]])
ys
[3, 3, 3, 3, 3, 3, 3, 3, 3, 3, 0, 3, 3, 3, 3, 3]
p_id
9
sent_id
0
doc_name
test/950114-0000-950114001.ntc

label_idx
0
label
ga
max_idx
tensor(1)
max_score
tensor(-0.4166)

xss
[tensor([[ 2127,    59, 10335,    21,  5098, 15321,  5752,    10,    19,  9822,
           510,    21, 10124,    40,  1009,    38],
        [ 2127,    59, 10335,    21,  5098, 15321,  5752,    10,    19,  9822,
           510,    21, 10124,    40,  1009,    38]]), tensor([[[0.],
         [0.],
         [0.],
         [0.],
         [0.],
         [0.],
         [0.],
         [0.],
         [0.],
         [1.],
         [0.],
         [0.],
         [0.],
         [0.],
         [0.],
         [0.]],

        [[0.],
         [0.],
         [0.],
         [0.],
         [0.],
         [0.],
         [0.],
         [0.],
         [0.],
         [0.],
         [0.],
         [0.],
         [0.],
         [0.],
         [1.],
         [0.]]])]
yss
[([[3, 3, 3, 3, 3, 3, 3, 3, 3, 3, 0, 3, 3, 3, 3, 3], 9], [[3, 3, 3, 3, 3, 3, 3, 3, 3, 3, 3, 3, 0, 3, 3, 3], 14]), 0, 'test/950114-0000-950114001.ntc']

scores
[tensor([[-2.5756, -2.8290, -3.0494, -0.2016],
        [-2.4839, -2.8650, -2.9054, -0.2171],
        [-2.4854, -2.8364, -3.1557, -0.2040],
        [-3.9925, -4.3396, -4.9174, -0.0396],
        [-3.4891, -3.9166, -4.7829, -0.0606],
        [-3.0060, -3.4930, -4.1931, -0.0998],
        [-2.6029, -3.1669, -3.7065, -0.1517],
        [-4.5857, -4.9992, -5.5751, -0.0209],
        [-4.6780, -4.9828, -5.6540, -0.0199],
        [-2.8711, -3.3506, -4.1471, -0.1137],
        [-3.0848, -3.4139, -4.4963, -0.0941],
        [-4.1300, -4.4652, -5.3914, -0.0327],
        [-3.0480, -3.4205, -4.1393, -0.1010],
        [-4.3717, -4.4731, -5.2794, -0.0296],
        [-3.7529, -4.0241, -4.4106, -0.0550],
        [-4.5402, -4.4192, -5.0691, -0.0294]], device='cuda:0',
       grad_fn=<LogSoftmaxBackward>), tensor([[-2.5749, -2.8280, -3.0477, -0.2018],
        [-2.4843, -2.8658, -2.9042, -0.2170],
        [-2.4846, -2.8363, -3.1550, -0.2041],
        [-3.9915, -4.3394, -4.9163, -0.0396],
        [-3.4873, -3.9156, -4.7809, -0.0607],
        [-3.0026, -3.4907, -4.1903, -0.1001],
        [-2.5980, -3.1632, -3.7034, -0.1524],
        [-4.5860, -4.9995, -5.5746, -0.0209],
        [-4.6778, -4.9828, -5.6532, -0.0199],
        [-2.8475, -3.3220, -4.1152, -0.1170],
        [-3.0775, -3.4041, -4.4761, -0.0951],
        [-4.1278, -4.4603, -5.3796, -0.0328],
        [-3.0468, -3.4174, -4.1314, -0.1013],
        [-4.3705, -4.4710, -5.2741, -0.0296],
        [-3.7763, -4.0487, -4.4426, -0.0535],
        [-4.5455, -4.4287, -5.0833, -0.0292]], device='cuda:0',
       grad_fn=<LogSoftmaxBackward>)]
