input: 

result

2396

[[tensor([[ 1,  2,  3,  4,  5,  6,  7,  8,  4,  9, 10, 11, 12, 13, 14, 15, 16, 17,
         18, 19, 20, 21, 22, 23, 24, 25, 26, 21, 27, 28,  7, 29, 30, 31,  7, 32,
         33, 34, 35,  7,  5, 36, 37, 38, 27, 39, 40, 41, 42, 19, 43, 44,  7, 45,
         14, 46, 47, 14, 48, 19, 49, 27,  7,  5, 50, 37, 14, 21, 51, 33, 52, 38],
        [ 1,  2,  3,  4,  5,  6,  7,  8,  4,  9, 10, 11, 12, 13, 14, 15, 16, 17,
         18, 19, 20, 21, 22, 23, 24, 25, 26, 21, 27, 28,  7, 29, 30, 31,  7, 32,
         33, 34, 35,  7,  5, 36, 37, 38, 27, 39, 40, 41, 42, 19, 43, 44,  7, 45,
         14, 46, 47, 14, 48, 19, 49, 27,  7,  5, 50, 37, 14, 21, 51, 33, 52, 38],
        [ 1,  2,  3,  4,  5,  6,  7,  8,  4,  9, 10, 11, 12, 13, 14, 15, 16, 17,
         18, 19, 20, 21, 22, 23, 24, 25, 26, 21, 27, 28,  7, 29, 30, 31,  7, 32,
         33, 34, 35,  7,  5, 36, 37, 38, 27, 39, 40, 41, 42, 19, 43, 44,  7, 45,
         14, 46, 47, 14, 48, 19, 49, 27,  7,  5, 50, 37, 14, 21, 51, 33, 52, 38],
        [ 1,  2,  3,  4,  5,  6,  7,  8,  4,  9, 10, 11, 12, 13, 14, 15, 16, 17,
         18, 19, 20, 21, 22, 23, 24, 25, 26, 21, 27, 28,  7, 29, 30, 31,  7, 32,
         33, 34, 35,  7,  5, 36, 37, 38, 27, 39, 40, 41, 42, 19, 43, 44,  7, 45,
         14, 46, 47, 14, 48, 19, 49, 27,  7,  5, 50, 37, 14, 21, 51, 33, 52, 38],
        [ 1,  2,  3,  4,  5,  6,  7,  8,  4,  9, 10, 11, 12, 13, 14, 15, 16, 17,
         18, 19, 20, 21, 22, 23, 24, 25, 26, 21, 27, 28,  7, 29, 30, 31,  7, 32,
         33, 34, 35,  7,  5, 36, 37, 38, 27, 39, 40, 41, 42, 19, 43, 44,  7, 45,
         14, 46, 47, 14, 48, 19, 49, 27,  7,  5, 50, 37, 14, 21, 51, 33, 52, 38],
        [ 1,  2,  3,  4,  5,  6,  7,  8,  4,  9, 10, 11, 12, 13, 14, 15, 16, 17,
         18, 19, 20, 21, 22, 23, 24, 25, 26, 21, 27, 28,  7, 29, 30, 31,  7, 32,
         33, 34, 35,  7,  5, 36, 37, 38, 27, 39, 40, 41, 42, 19, 43, 44,  7, 45,
         14, 46, 47, 14, 48, 19, 49, 27,  7,  5, 50, 37, 14, 21, 51, 33, 52, 38],
        [ 1,  2,  3,  4,  5,  6,  7,  8,  4,  9, 10, 11, 12, 13, 14, 15, 16, 17,
         18, 19, 20, 21, 22, 23, 24, 25, 26, 21, 27, 28,  7, 29, 30, 31,  7, 32,
         33, 34, 35,  7,  5, 36, 37, 38, 27, 39, 40, 41, 42, 19, 43, 44,  7, 45,
         14, 46, 47, 14, 48, 19, 49, 27,  7,  5, 50, 37, 14, 21, 51, 33, 52, 38],
        [ 1,  2,  3,  4,  5,  6,  7,  8,  4,  9, 10, 11, 12, 13, 14, 15, 16, 17,
         18, 19, 20, 21, 22, 23, 24, 25, 26, 21, 27, 28,  7, 29, 30, 31,  7, 32,
         33, 34, 35,  7,  5, 36, 37, 38, 27, 39, 40, 41, 42, 19, 43, 44,  7, 45,
         14, 46, 47, 14, 48, 19, 49, 27,  7,  5, 50, 37, 14, 21, 51, 33, 52, 38],
        [ 1,  2,  3,  4,  5,  6,  7,  8,  4,  9, 10, 11, 12, 13, 14, 15, 16, 17,
         18, 19, 20, 21, 22, 23, 24, 25, 26, 21, 27, 28,  7, 29, 30, 31,  7, 32,
         33, 34, 35,  7,  5, 36, 37, 38, 27, 39, 40, 41, 42, 19, 43, 44,  7, 45,
         14, 46, 47, 14, 48, 19, 49, 27,  7,  5, 50, 37, 14, 21, 51, 33, 52, 38]]), tensor([[[0.],
         [0.],
         [0.],
         [0.],
         [0.],
         [0.],
         [0.],
         [0.],
         [0.],
         [0.],
         [0.],
         [0.],
         [0.],
         [0.],
         [0.],
         [0.],
         [0.],
         [0.],
         [1.],
         [0.],
         [0.],
         [0.],
         [0.],
         [0.],
         [0.],
         [0.],
         [0.],
         [0.],
         [0.],
         [0.],
         [0.],
         [0.],
         [0.],
         [0.],
         [0.],
         [0.],
         [0.],
         [0.],
         [0.],
         [0.],
         [0.],
         [0.],
         [0.],
         [0.],
         [0.],
         [0.],
         [0.],
         [0.],
         [0.],
         [0.],
         [0.],
         [0.],
         [0.],
         [0.],
         [0.],
         [0.],
         [0.],
         [0.],
         [0.],
         [0.],
         [0.],
         [0.],
         [0.],
         [0.],
         [0.],
         [0.],
         [0.],
         [0.],
         [0.],
         [0.],
         [0.],
         [0.]],

        [[0.],
         [0.],
         [0.],
         [0.],
         [0.],
         [0.],
         [0.],
         [0.],
         [0.],
         [0.],
         [0.],
         [0.],
         [0.],
         [0.],
         [0.],
         [0.],
         [0.],
         [0.],
         [0.],
         [0.],
         [0.],
         [0.],
         [0.],
         [0.],
         [0.],
         [0.],
         [0.],
         [0.],
         [0.],
         [0.],
         [0.],
         [0.],
         [0.],
         [0.],
         [0.],
         [0.],
         [0.],
         [1.],
         [0.],
         [0.],
         [0.],
         [0.],
         [0.],
         [0.],
         [0.],
         [0.],
         [0.],
         [0.],
         [0.],
         [0.],
         [0.],
         [0.],
         [0.],
         [0.],
         [0.],
         [0.],
         [0.],
         [0.],
         [0.],
         [0.],
         [0.],
         [0.],
         [0.],
         [0.],
         [0.],
         [0.],
         [0.],
         [0.],
         [0.],
         [0.],
         [0.],
         [0.]],

        [[0.],
         [0.],
         [0.],
         [0.],
         [0.],
         [0.],
         [0.],
         [0.],
         [0.],
         [0.],
         [0.],
         [0.],
         [0.],
         [0.],
         [0.],
         [0.],
         [0.],
         [0.],
         [0.],
         [0.],
         [0.],
         [0.],
         [0.],
         [0.],
         [0.],
         [0.],
         [0.],
         [0.],
         [0.],
         [0.],
         [0.],
         [0.],
         [0.],
         [0.],
         [0.],
         [0.],
         [0.],
         [0.],
         [0.],
         [0.],
         [0.],
         [1.],
         [0.],
         [0.],
         [0.],
         [0.],
         [0.],
         [0.],
         [0.],
         [0.],
         [0.],
         [0.],
         [0.],
         [0.],
         [0.],
         [0.],
         [0.],
         [0.],
         [0.],
         [0.],
         [0.],
         [0.],
         [0.],
         [0.],
         [0.],
         [0.],
         [0.],
         [0.],
         [0.],
         [0.],
         [0.],
         [0.]],

        [[0.],
         [0.],
         [0.],
         [0.],
         [0.],
         [0.],
         [0.],
         [0.],
         [0.],
         [0.],
         [0.],
         [0.],
         [0.],
         [0.],
         [0.],
         [0.],
         [0.],
         [0.],
         [0.],
         [0.],
         [0.],
         [0.],
         [0.],
         [0.],
         [0.],
         [0.],
         [0.],
         [0.],
         [0.],
         [0.],
         [0.],
         [0.],
         [0.],
         [0.],
         [0.],
         [0.],
         [0.],
         [0.],
         [0.],
         [0.],
         [0.],
         [0.],
         [0.],
         [0.],
         [0.],
         [0.],
         [0.],
         [1.],
         [0.],
         [0.],
         [0.],
         [0.],
         [0.],
         [0.],
         [0.],
         [0.],
         [0.],
         [0.],
         [0.],
         [0.],
         [0.],
         [0.],
         [0.],
         [0.],
         [0.],
         [0.],
         [0.],
         [0.],
         [0.],
         [0.],
         [0.],
         [0.]],

        [[0.],
         [0.],
         [0.],
         [0.],
         [0.],
         [0.],
         [0.],
         [0.],
         [0.],
         [0.],
         [0.],
         [0.],
         [0.],
         [0.],
         [0.],
         [0.],
         [0.],
         [0.],
         [0.],
         [0.],
         [0.],
         [0.],
         [0.],
         [0.],
         [0.],
         [0.],
         [0.],
         [0.],
         [0.],
         [0.],
         [0.],
         [0.],
         [0.],
         [0.],
         [0.],
         [0.],
         [0.],
         [0.],
         [0.],
         [0.],
         [0.],
         [0.],
         [0.],
         [0.],
         [0.],
         [0.],
         [0.],
         [0.],
         [0.],
         [0.],
         [0.],
         [0.],
         [0.],
         [1.],
         [0.],
         [0.],
         [0.],
         [0.],
         [0.],
         [0.],
         [0.],
         [0.],
         [0.],
         [0.],
         [0.],
         [0.],
         [0.],
         [0.],
         [0.],
         [0.],
         [0.],
         [0.]],

        [[0.],
         [0.],
         [0.],
         [0.],
         [0.],
         [0.],
         [0.],
         [0.],
         [0.],
         [0.],
         [0.],
         [0.],
         [0.],
         [0.],
         [0.],
         [0.],
         [0.],
         [0.],
         [0.],
         [0.],
         [0.],
         [0.],
         [0.],
         [0.],
         [0.],
         [0.],
         [0.],
         [0.],
         [0.],
         [0.],
         [0.],
         [0.],
         [0.],
         [0.],
         [0.],
         [0.],
         [0.],
         [0.],
         [0.],
         [0.],
         [0.],
         [0.],
         [0.],
         [0.],
         [0.],
         [0.],
         [0.],
         [0.],
         [0.],
         [0.],
         [0.],
         [0.],
         [0.],
         [0.],
         [0.],
         [1.],
         [0.],
         [0.],
         [0.],
         [0.],
         [0.],
         [0.],
         [0.],
         [0.],
         [0.],
         [0.],
         [0.],
         [0.],
         [0.],
         [0.],
         [0.],
         [0.]],

        [[0.],
         [0.],
         [0.],
         [0.],
         [0.],
         [0.],
         [0.],
         [0.],
         [0.],
         [0.],
         [0.],
         [0.],
         [0.],
         [0.],
         [0.],
         [0.],
         [0.],
         [0.],
         [0.],
         [0.],
         [0.],
         [0.],
         [0.],
         [0.],
         [0.],
         [0.],
         [0.],
         [0.],
         [0.],
         [0.],
         [0.],
         [0.],
         [0.],
         [0.],
         [0.],
         [0.],
         [0.],
         [0.],
         [0.],
         [0.],
         [0.],
         [0.],
         [0.],
         [0.],
         [0.],
         [0.],
         [0.],
         [0.],
         [0.],
         [0.],
         [0.],
         [0.],
         [0.],
         [0.],
         [0.],
         [0.],
         [0.],
         [0.],
         [1.],
         [0.],
         [0.],
         [0.],
         [0.],
         [0.],
         [0.],
         [0.],
         [0.],
         [0.],
         [0.],
         [0.],
         [0.],
         [0.]],

        [[0.],
         [0.],
         [0.],
         [0.],
         [0.],
         [0.],
         [0.],
         [0.],
         [0.],
         [0.],
         [0.],
         [0.],
         [0.],
         [0.],
         [0.],
         [0.],
         [0.],
         [0.],
         [0.],
         [0.],
         [0.],
         [0.],
         [0.],
         [0.],
         [0.],
         [0.],
         [0.],
         [0.],
         [0.],
         [0.],
         [0.],
         [0.],
         [0.],
         [0.],
         [0.],
         [0.],
         [0.],
         [0.],
         [0.],
         [0.],
         [0.],
         [0.],
         [0.],
         [0.],
         [0.],
         [0.],
         [0.],
         [0.],
         [0.],
         [0.],
         [0.],
         [0.],
         [0.],
         [0.],
         [0.],
         [0.],
         [0.],
         [0.],
         [0.],
         [0.],
         [0.],
         [0.],
         [0.],
         [0.],
         [1.],
         [0.],
         [0.],
         [0.],
         [0.],
         [0.],
         [0.],
         [0.]],

        [[0.],
         [0.],
         [0.],
         [0.],
         [0.],
         [0.],
         [0.],
         [0.],
         [0.],
         [0.],
         [0.],
         [0.],
         [0.],
         [0.],
         [0.],
         [0.],
         [0.],
         [0.],
         [0.],
         [0.],
         [0.],
         [0.],
         [0.],
         [0.],
         [0.],
         [0.],
         [0.],
         [0.],
         [0.],
         [0.],
         [0.],
         [0.],
         [0.],
         [0.],
         [0.],
         [0.],
         [0.],
         [0.],
         [0.],
         [0.],
         [0.],
         [0.],
         [0.],
         [0.],
         [0.],
         [0.],
         [0.],
         [0.],
         [0.],
         [0.],
         [0.],
         [0.],
         [0.],
         [0.],
         [0.],
         [0.],
         [0.],
         [0.],
         [0.],
         [0.],
         [0.],
         [0.],
         [0.],
         [0.],
         [0.],
         [0.],
         [0.],
         [0.],
         [0.],
         [0.],
         [1.],
         [0.]]])], tensor([[3, 3, 3, 0, 3, 3, 3, 3, 3, 3, 3, 3, 3, 3, 3, 3, 3, 3, 3, 3, 3, 3, 3, 3,
         3, 3, 3, 3, 3, 3, 3, 3, 3, 3, 3, 3, 3, 3, 3, 3, 3, 3, 3, 3, 3, 3, 3, 3,
         3, 3, 3, 3, 3, 3, 3, 3, 3, 3, 3, 3, 3, 3, 3, 3, 3, 3, 3, 3, 3, 3, 3, 3],
        [3, 3, 3, 3, 3, 3, 3, 3, 3, 3, 3, 3, 3, 3, 3, 3, 3, 3, 3, 3, 3, 3, 3, 3,
         3, 3, 3, 3, 3, 0, 3, 3, 3, 2, 3, 1, 3, 3, 3, 3, 3, 3, 3, 3, 3, 3, 3, 3,
         3, 3, 3, 3, 3, 3, 3, 3, 3, 3, 3, 3, 3, 3, 3, 3, 3, 3, 3, 3, 3, 3, 3, 3],
        [3, 3, 3, 3, 3, 3, 3, 3, 3, 3, 3, 3, 3, 3, 3, 3, 3, 3, 3, 3, 3, 3, 3, 3,
         3, 3, 3, 3, 3, 0, 3, 3, 3, 3, 3, 3, 3, 3, 2, 3, 3, 3, 3, 3, 3, 3, 3, 3,
         3, 3, 3, 3, 3, 3, 3, 3, 3, 3, 3, 3, 3, 3, 3, 3, 3, 3, 3, 3, 3, 3, 3, 3],
        [3, 3, 3, 3, 3, 3, 3, 3, 3, 3, 3, 3, 3, 3, 3, 3, 3, 3, 3, 3, 3, 3, 3, 3,
         3, 3, 3, 3, 3, 3, 3, 3, 3, 3, 3, 3, 3, 3, 3, 3, 3, 3, 3, 3, 3, 0, 3, 3,
         3, 3, 3, 3, 3, 3, 3, 3, 3, 3, 3, 3, 3, 3, 3, 3, 3, 3, 3, 3, 3, 3, 3, 3],
        [3, 3, 3, 3, 3, 3, 3, 3, 3, 3, 3, 3, 3, 3, 3, 3, 3, 3, 3, 3, 3, 3, 3, 3,
         3, 3, 3, 3, 3, 0, 3, 3, 3, 3, 3, 3, 3, 3, 3, 3, 3, 3, 3, 3, 3, 3, 3, 3,
         3, 3, 3, 2, 3, 3, 3, 3, 3, 3, 3, 3, 3, 3, 3, 3, 3, 3, 3, 3, 3, 3, 3, 3],
        [3, 3, 3, 0, 3, 3, 3, 3, 3, 3, 3, 3, 3, 3, 3, 3, 3, 3, 3, 3, 3, 3, 3, 3,
         3, 3, 3, 3, 3, 3, 3, 3, 3, 3, 3, 3, 3, 3, 3, 3, 3, 3, 3, 3, 3, 3, 3, 3,
         3, 3, 3, 3, 3, 3, 3, 3, 3, 3, 3, 3, 3, 3, 3, 3, 3, 3, 3, 3, 3, 3, 3, 3],
        [3, 3, 3, 0, 3, 3, 3, 3, 3, 3, 3, 3, 3, 3, 3, 3, 3, 3, 3, 3, 3, 3, 3, 3,
         3, 3, 3, 3, 3, 3, 3, 3, 3, 3, 3, 3, 3, 3, 3, 3, 3, 3, 3, 3, 3, 3, 3, 3,
         3, 3, 3, 3, 3, 3, 3, 3, 3, 3, 3, 3, 3, 3, 3, 3, 3, 3, 3, 3, 3, 3, 3, 3],
        [3, 3, 3, 3, 3, 3, 3, 3, 3, 3, 3, 3, 3, 3, 3, 3, 3, 3, 3, 3, 3, 3, 3, 3,
         3, 3, 3, 3, 3, 0, 3, 3, 3, 3, 3, 3, 3, 3, 3, 3, 3, 3, 3, 3, 3, 3, 3, 3,
         3, 3, 3, 3, 3, 3, 3, 3, 3, 3, 3, 3, 3, 2, 3, 3, 3, 3, 3, 3, 3, 3, 3, 3],
        [3, 3, 3, 0, 3, 3, 3, 3, 3, 3, 3, 3, 3, 3, 3, 3, 3, 3, 3, 3, 3, 3, 3, 3,
         3, 3, 3, 3, 3, 3, 3, 3, 3, 3, 3, 3, 3, 3, 3, 3, 3, 3, 3, 3, 3, 3, 3, 3,
         3, 3, 3, 3, 3, 3, 3, 3, 3, 3, 3, 3, 3, 3, 3, 3, 3, 3, 3, 3, 1, 3, 3, 3]])]

477

E2EStackedBiRNN(
  (word_emb): Embedding(29400, 256, padding_idx=0)
  (gru): BiGRUForSRL(
    (gru_in): GRU(261, 256, batch_first=True)
    (grus): ModuleList(
      (0): GRU(256, 256, batch_first=True)
      (1): GRU(256, 256, batch_first=True)
      (2): GRU(256, 256, batch_first=True)
    )
  )
  (output_layer): Linear(in_features=256, out_features=4, bias=True)
)

e2e-stack_ve256_vu256_4_adam_lr0.0002_du0.1_dh0.0_True_size10_sub0

3

0.0002

1e-05
