xss
[tensor([[  71,    5, 3997,   40, 1314, 4027,   33, 1246,   38],
        [  71,    5, 3997,   40, 1314, 4027,   33, 1246,   38]]), tensor([[[0.],
         [0.],
         [0.],
         [0.],
         [1.],
         [0.],
         [0.],
         [0.],
         [0.]],

        [[0.],
         [0.],
         [0.],
         [0.],
         [0.],
         [0.],
         [0.],
         [1.],
         [0.]]])]
yss
tensor([[3, 3, 0, 3, 3, 3, 3, 3, 3],
        [3, 3, 0, 3, 3, 1, 3, 3, 3]], device='cuda:0')

scores
[tensor([[-1.4039, -1.8474, -1.0905, -1.3445],
        [-1.4942, -1.7364, -1.0433, -1.3978],
        [-1.4754, -1.8756, -1.0631, -1.2995],
        [-1.4754, -1.8692, -0.9933, -1.3996],
        [-1.5731, -1.9519, -0.9922, -1.2736],
        [-1.6350, -1.7483, -0.9821, -1.3609],
        [-1.6350, -1.5958, -0.9694, -1.5006],
        [-1.7455, -1.4996, -0.9775, -1.4874],
        [-1.6441, -1.3563, -1.1038, -1.5252]], device='cuda:0',
       grad_fn=<LogSoftmaxBackward>), tensor([[-1.4034, -1.8476, -1.0907, -1.3446],
        [-1.4934, -1.7367, -1.0436, -1.3980],
        [-1.4742, -1.8756, -1.0635, -1.3000],
        [-1.4731, -1.8688, -0.9941, -1.4007],
        [-1.5713, -1.9474, -0.9897, -1.2806],
        [-1.6312, -1.7492, -0.9810, -1.3647],
        [-1.6327, -1.5999, -0.9669, -1.5032],
        [-1.7456, -1.5010, -0.9777, -1.4857],
        [-1.6441, -1.3562, -1.1043, -1.5245]], device='cuda:0',
       grad_fn=<LogSoftmaxBackward>)]
